1.358720930232558288e+01
3.665116279069767558e+01
6.911337209302325846e+01
1.384883720930232585e+02
1.295203488372092977e+02
1.815348837209302530e+02
2.391802325581395223e+02
3.044186046511628092e+02
4.182558139534883708e+02
4.475581395348837077e+02
1.428488372093023600e+02
2.178139534883720785e+02
2.817209302325580893e+02
3.889534883720930338e+02
4.192151162790697754e+02
1.110697674418604635e+02
2.450406976744185954e+02
3.500581395348836509e+02
4.342441860465116292e+02
1.346511627906977004e+01
3.616279069767442422e+01
9.197674418604650270e+01
1.660465116279069946e+02
5.550000000000000000e+02
3.609302325581395365e+01
6.854651162790698038e+01
1.640116279069767700e+02
2.291162790697674723e+02
5.623255813953488769e+02
