7.345208832994103432e-01
4.652738608419895172e-01
3.158904362935572863e-01
2.834721554536372423e-01
2.910226833773776889e-01
2.706700472626835108e-01
2.667130978079512715e-01
2.564778735250001773e-01
2.579294057795777917e-01
2.593042300413799239e-01
2.603914799983613193e-01
2.623295204248279333e-01
2.607858612900599837e-01
2.612082315608859062e-01
2.594751408323645592e-01
2.613901649601757526e-01
2.582432061899453402e-01
2.567741582170128822e-01
2.556174234487116337e-01
2.544169160537421703e-01
2.541543471161276102e-01
2.519157240167260170e-01
2.513121028896421194e-01
2.489748320076614618e-01
2.484004104044288397e-01
2.458132870960980654e-01
2.447481970302760601e-01
2.428367959801107645e-01
2.412017312599346042e-01
2.392966846236959100e-01
2.374678521882742643e-01
2.351918108761310577e-01
2.329676182707771659e-01
2.314676300156861544e-01
2.285029371269047260e-01
2.269831131561659276e-01
2.267780352849513292e-01
2.223281316109932959e-01
2.217751313582994044e-01
2.168670874962117523e-01
2.172118160815443844e-01
2.142554715101141483e-01
2.110869191237725317e-01
2.075230241753160954e-01
2.073193344986066222e-01
2.032809823285788298e-01
2.000550716184079647e-01
1.975656107533723116e-01
1.924994884757325053e-01
1.912664778647013009e-01
1.866819305578246713e-01
1.883307739917654544e-01
1.759339251439087093e-01
1.811622339300811291e-01
1.728652839665301144e-01
1.679855076363310218e-01
1.676143648801371455e-01
1.624942068010568619e-01
1.626812878530472517e-01
1.542717866832390428e-01
1.568523561873007566e-01
1.459670351887325523e-01
1.519152877735905349e-01
1.493565329583361745e-01
1.398193833883851767e-01
1.421300212095957249e-01
1.360656963515793905e-01
1.358922348881606013e-01
1.316296001459704712e-01
1.318671385524794459e-01
1.421736312913708389e-01
1.253927603247575462e-01
1.400214210152626038e-01
1.247423219610936940e-01
1.305422171280952170e-01
1.220172851753886789e-01
1.214824366034008563e-01
1.265841136191738769e-01
1.200768137568957172e-01
1.203479951545887161e-01
1.158244917205593083e-01
1.200390758167486638e-01
1.155539187602698803e-01
1.238885775092057884e-01
1.157100576092489064e-01
1.270250765956006944e-01
1.191090520587749779e-01
1.288103653350844979e-01
1.196374158607795835e-01
1.334183111321181059e-01
1.200263656792230904e-01
1.424518772400915623e-01
1.218465957208536565e-01
1.310078451642766595e-01
1.173758487566374242e-01
1.353821968659758568e-01
1.118267155252397060e-01
1.183991003781557083e-01
1.083856030600145459e-01
1.064939979987684637e-01
9.586733911419287324e-02
1.000137756345793605e-01
9.408726653782650828e-02
1.062756183091551065e-01
9.967695514205843210e-02
1.034185758908279240e-01
1.040681395679712296e-01
1.115881572477519512e-01
1.044970622751861811e-01
1.183066248486284167e-01
1.152155657473485917e-01
1.434126081876456738e-01
1.179949740180745721e-01
1.631884304806590080e-01
1.364868271048180759e-01
1.319157090620137751e-01
9.513449607766233385e-02
7.838445773813873529e-02
6.711236492265015841e-02
6.902792710752692074e-02
